03 April 2017 3094 486 
04 April 2017 3094 486 
04 April 2017 3094 486 
04 April 2017 3100 542 
05 April 2017 3100 542 
06 April 2017 3117 589 
08 April 2017 3117 589 
09 April 2017 3117 589 
10 April 2017 3122 589 
11 April 2017 3150 632 
11 April 2017 3155 632 
12 April 2017 3149 660 
13 April 2017 3139 659 
14 April 2017 3139 659 
15 April 2017 3139 659 
16 April 2017 3139 659 
17 April 2017 3139 659 
18 April 2017 3145 659 
19 April 2017 3247 996 
20 April 2017 3256 1152 
21 April 2017 3248 1339 